100.413 100.478 100.65 100.998 101.649 102.846 105.044 109.097 116.61 
102.418 102.601 103.055 103.881 105.225 107.323 110.549 115.486 123.04 
105.283 105.546 106.185 107.307 109.043 111.592 115.251 120.448 127.799 
108.431 108.744 109.496 110.793 112.748 115.529 119.374 124.617 131.716 
111.61 111.953 112.774 114.173 116.249 119.144 123.055 128.251 135.092 
114.709 115.071 115.931 117.387 119.525 122.467 126.38 131.484 138.074 
117.679 118.051 118.934 120.418 122.582 125.531 129.407 134.399 140.749 
120.501 120.878 121.77 123.266 125.432 128.363 132.182 137.05 143.175 
123.171 123.549 124.443 125.937 128.091 130.988 134.737 139.479 145.391 
125.692 126.069 126.959 128.442 130.574 133.428 137.101 141.715 147.427 
128.07 128.444 129.326 130.794 132.897 135.702 139.294 143.784 149.308 
130.313 130.683 131.555 133.003 135.073 137.825 141.336 145.704 151.052 
132.429 132.795 133.655 135.081 137.116 139.813 143.243 147.494 152.676 
134.429 134.788 135.636 137.038 139.036 141.678 145.028 149.166 154.191 
136.318 136.673 137.506 138.884 140.844 143.43 146.702 150.732 155.61 
138.107 138.455 139.274 140.627 142.549 145.081 148.276 152.202 156.941 
139.8 140.143 140.948 142.276 144.159 146.637 149.759 153.585 158.192 
141.407 141.743 142.533 143.837 145.683 148.108 151.158 154.89 159.372 
142.932 143.262 144.038 145.317 147.126 149.5 152.481 156.122 160.486 
144.382 144.706 145.467 146.722 148.495 150.82 153.734 157.287 161.539 
